0.1
0.133333333
0.1
0.033333333
3.6
7.3
6.966666667
8.1
8.3
8.8
9.966666667
9.833333333
10.63333333
10.46666667
10.5
10.4
10.33333333
11.6
14.1
16.23333333
19.03333333
21.23333333
24.6
26.96666667
31.26666667
35.73333333
41.16666667
46.5
53.46666667
61.43333333
67.43333333
71.2
70.53333333
71.3
74.03333333
73.83333333
75.2
76.8
82.76666667
88.7
95.1
100.3333333
107.9333333
109.4
111.6
112.2333333
114.7666667
116.2333333
118.6
116.5333333
119.8333333
119.5
120.4333333
119.8333333
119.6333333
118.1666667
124.6
119.9666667
118.4
112.7666667
112.3333333
109.7
104.9666667
99.3
100.5666667
92.3
93.43333333
100.2666667
93.76666667
91.16666667
89.53333333
84.36666667
82.2
81.43333333
79.9
79.33333333
77
76.3
74.6
70.2
68.33333333
64.16666667
60.96666667
57.53333333
54.76666667
56.26666667
54.83333333
51.06666667
46.93333333
45.63333333
46.2
43.93333333
40.3
40.03333333
39.86666667
40.33333333
41.26666667
39.13333333
38.1
38.36666667
38.96666667
36.06666667
35.76666667
32.9
29.86666667
30.06666667
30.2
31.3
31.76666667
27.63333333
26.73333333
26.56666667
27.63333333
24.6
24.16666667
24.23333333
27.63333333
27.96666667
27.8
27.6
27.43333333
27.3
26.4
25.7
25.33333333
24.2
24.9
23.93333333
23.63333333
23.66666667
23.23333333
22.4
22
21.36666667
21.5
21
20.3
20.1
20.03333333
18.43333333
17.5
17.23333333
16.96666667
18.3
18.9
18.56666667
17.4
17.63333333
17.43333333
16.9
17.4
16.13333333
16.7
16.33333333
16.23333333
15.73333333
14.9
14.3
14.93333333
14.46666667
14.46666667
14.13333333
14.26666667
14
13.96666667
12.83333333
12.86666667
12.6
12.53333333
12.1
12.1
12.06666667
11.96666667
11.8
11.26666667
11.36666667
11.53333333
11.46666667
10.63333333
10.86666667
10.8
10.66666667
10.53333333
10.46666667
10.2
10.36666667
10.13333333
9.666666667
9.566666667
9.4
9.3
9.2
9.1
8.933333333
8.966666667
8.833333333
8.833333333
8.733333333
8.466666667
8
7.666666667
7.9
7.9
7.333333333
7.166666667
7.066666667
6.966666667
6.9
6.966666667
6.8
6.533333333
6.366666667
6.366666667
6.3
6.233333333
6.1
5.866666667
5.7
5.733333333
5.633333333
5.633333333
5.466666667
5.4
5.366666667
5.233333333
5.2
5.033333333
4.8
4.633333333
4.7
4.566666667
4.466666667
4.433333333
4.3
4.133333333
4.033333333
3.933333333
3.9
3.733333333
3.633333333
3.633333333
3.466666667
3.466666667
3.433333333
3.333333333
3.266666667
3.133333333
3.1
2.966666667
2.9
2.8
2.833333333
2.8
2.666666667
2.633333333
2.666666667
2.566666667
2.5
2.466666667
2.433333333
2.4
2.266666667
2.333333333
2.233333333
2.166666667
2.166666667
2.1
2.066666667
1.966666667
1.9
1.9
1.966666667
1.866666667
1.8
1.7
1.666666667
1.633333333
1.6
1.566666667
1.433333333
1.4
1.366666667
1.266666667
1.2
1.166666667
1.066666667
0.933333333
0.9
0.833333333
0.733333333
0.7
0.666666667
0.533333333
0.5
0.533333333
0.466666667
0.433333333
0.433333333
0.4
0.366666667
0.333333333
0.3
0.3
0.266666667
0.266666667
0.233333333
0.233333333
0.233333333
0.2
0.166666667
0.133333333
0.166666667
0.133333333
0.066666667
0.066666667
0.033333333
0.033333333