-1.705881392536971930e+02
-1.730638430521648559e+02
-1.690643242198718212e+02
-1.732513439463467364e+02
-1.505553988668180523e+02
-1.595969609373919411e+02
-1.576662681140757059e+02
-1.544340578390781218e+02
-1.555060281280354104e+02
-1.586934796933235532e+02
-1.634460218863565615e+02
-1.615021497573480076e+02
-1.517180419357142966e+02
-1.470970015085384546e+02
-1.534099545260952482e+02
-1.537216912141343244e+02
-1.544323403779145281e+02
-1.527858966137472692e+02
-1.530630573088095048e+02
-1.542711652552356441e+02
-1.524057886587692394e+02
-1.508346762780024619e+02
-1.532396828064969441e+02
-1.513549180101721561e+02
-1.498777563424664265e+02
-1.480787253989084320e+02
-1.487922266356385990e+02
-1.534654088806971970e+02
-1.556622233219536042e+02
-1.553552528043418874e+02
-1.449275959446544562e+02
-1.363307639614432105e+02
-1.510383888779767858e+02
-1.510745953844835014e+02
-1.492409579131501971e+02
-1.525275105440622667e+02
-1.428383965853565201e+02
-1.512227559169023152e+02
-1.480606293043773007e+02
-1.422606466043943954e+02
-1.438770095402026925e+02
-1.446070086519926861e+02
-1.495773581967094117e+02
-1.469046598276446787e+02
-1.440526644651868367e+02
-1.430545131351831571e+02
-1.432350170735885229e+02
-1.459043123408290512e+02
-1.483181027750354133e+02
-1.417953928835909778e+02
-1.486348149949352830e+02
-1.455607052574725344e+02
-1.471685621872246656e+02
-1.369256549603638575e+02
-1.474296177554578549e+02
-1.430657789751709288e+02
-1.482812655834273414e+02
-1.470667691118473783e+02
-1.479257179861831446e+02
-1.457852308263333327e+02
-1.464369693328803521e+02
-1.468965862815408912e+02
-1.468592966950952245e+02
-1.451653406431538258e+02
-1.457166782576141770e+02
-1.444586522960732680e+02
-1.405440462984005023e+02
-1.373847454891428299e+02
-1.388267988160134223e+02
-1.375441125434029175e+02
-1.354793419912515162e+02
-1.355383325264444352e+02
-1.355652402707729038e+02
-1.336108002404187971e+02
-1.325826630689181798e+02
-1.289573076503675111e+02
-1.293344183647289185e+02
-1.270598403638669112e+02
-1.264887522940146454e+02
-1.270575316624151441e+02
-1.283780924306886391e+02
-1.280638393961880297e+02
-1.269866995115372390e+02
-1.274030220102735171e+02
-1.266512743709743631e+02
-1.280544444778986417e+02
-1.276823433037216233e+02
-1.281464460321574848e+02
-1.284187815836227173e+02
-1.304462304022515298e+02
-1.291163420479096544e+02
-1.284199691295128218e+02
-1.285970737457826658e+02
-1.294436568413675275e+02
-1.293985225196691147e+02
-1.304744562448730392e+02
-1.298597656662637405e+02
-1.284208070573565408e+02
-1.303101090678742366e+02
-1.298421337826776778e+02
-1.297226634615628882e+02
-1.287398268714517542e+02
-1.272574848742442128e+02
-1.283303268984981855e+02
-1.292808508346593612e+02
-1.299294007099706789e+02
-1.300388819258595845e+02
-1.312776714409328349e+02
-1.296063823464761811e+02
-1.256377910066153731e+02
-1.313616580096068276e+02
-1.309108600063565291e+02
-1.306799258185494637e+02
-1.307790933763650685e+02
-1.321146135784810838e+02
-1.323756071504151350e+02
-1.334883861786324815e+02
-1.340636412237448098e+02
-1.345744723002844978e+02
-1.339952640179926959e+02
-1.310665897340622905e+02
-1.352135556762881663e+02
-1.351181642642527549e+02
-1.343982583386788576e+02
-1.346506802589059930e+02
-1.358235011069035636e+02
-1.356517917538095332e+02
-1.358198173050977005e+02
-1.360683196876495913e+02
-1.357962755699438446e+02
-1.345112177323663047e+02
-1.359983195597680208e+02
-1.358779155876813149e+02
-1.356032702685751019e+02
-1.367925594576202570e+02
-1.369628232606214908e+02
-1.360459349205189028e+02
-1.363080723457814543e+02
-1.356726323861550441e+02
-1.356060121929694731e+02
-1.355448262378034201e+02
-1.343470007708828007e+02
-1.352416451976825158e+02
-1.351852777366922851e+02
-1.319802652510695964e+02
-1.359290210841135433e+02
-1.362762608469499526e+02
-1.362619605332869526e+02
-1.361261772696666696e+02
-1.364136538991904786e+02
-1.374000671462747221e+02
-1.371748660022625188e+02
-1.371800491418205183e+02
-1.366665358548266056e+02
-1.377077718428986373e+02
-1.380452701045555557e+02
-1.378168996695274586e+02
-1.376704344606361303e+02
-1.384650155628376069e+02
-1.388810386674591086e+02
-1.388671446711379645e+02
-1.389780709555140277e+02
-1.398817328212979305e+02
-1.403547817740818004e+02
-1.400821965851636151e+02
-1.404364652943443446e+02
-1.404120865296019645e+02
-1.404923122698095028e+02
-1.403049992329071927e+02
-1.408123876815860740e+02
-1.406761935160964754e+02
-1.401874459938901225e+02
-1.408323105354249094e+02
-1.398336701328803429e+02
-1.405980279214701056e+02
-1.414819237887521410e+02
-1.419632892112551872e+02
-1.423010321037484687e+02
-1.418166831759829165e+02
-1.416277642467716760e+02
-1.417770922034102625e+02
-1.408903153660476164e+02
-1.405435687741086781e+02
-1.414425231697350398e+02
-1.423438939200146649e+02
-1.418211210294529963e+02
-1.431316028260976623e+02
-1.426724962866800865e+02
-1.425885721473223668e+02
-1.433283330748815558e+02
-1.427355929506605605e+02
-1.426852093034029565e+02
-1.426836811316581191e+02
-1.417251880009084175e+02
-1.422259409021623924e+02
-1.422499794581074468e+02
-1.418394277539487121e+02
-1.414084354904993859e+02
-1.426304252118583520e+02
-1.419128577413455332e+02
-1.427168881882393237e+02
-1.422547228693931629e+02
-1.424198381455250342e+02
-1.432556781046776564e+02
-1.428268342128058634e+02
-1.435201143569523765e+02
-1.435071010793137987e+02
-1.442400055530720522e+02
-1.436299828970757062e+02
-1.438573361574993896e+02
-1.439210004942148942e+02
-1.446258701519035412e+02
-1.444494055701990192e+02
-1.447813819742161172e+02
-1.451438404821831512e+02
-1.444725515245799556e+02
-1.447039653572124678e+02
-1.450407933926117323e+02
-1.456216411282222225e+02
-1.459837697492417874e+02
-1.455032501034896200e+02
-1.458944924123626379e+02
-1.459845140311342959e+02
-1.453761534223138199e+02
-1.462160058129255162e+02
-1.460226348173711983e+02
-1.462302282115934133e+02
-1.471562042382039124e+02
-1.472104699119804820e+02
-1.470074092286605776e+02
-1.472924004711477437e+02
-1.455014181241233189e+02
-1.456411417197399203e+02
-1.461914814108266114e+02
-1.455270256713919537e+02
-1.471491296545103751e+02
-1.472002514355384619e+02
-1.473901269432026879e+02
-1.479641221278156422e+02
-1.481913733964786104e+02
-1.480654013149438413e+02
-1.471927150683772823e+02
-1.488191696287277068e+02
-1.462121061861269880e+02
-1.488957267852893835e+02
-1.492347242609108662e+02
-1.494043407374541914e+02
-1.494295144623870613e+02
-1.492478567396703397e+02
-1.489134819189914651e+02
-1.485914720738424819e+02
-1.482841510763308861e+02
-1.495725526626752355e+02
-1.494973781939853552e+02
-1.493735893088729938e+02
-1.493161816594847267e+02
-1.489048673365323623e+02
-1.496546381577545901e+02
-1.491942177289267306e+02
-1.501865510129621555e+02
-1.506626269399486944e+02
-1.484113058549401671e+02
-1.489204479902381024e+02
-1.436973478909035578e+02
-1.520536656982503132e+02
-1.519312257938302935e+02
-1.519579708997264902e+02
-1.523253334988608003e+02
-1.525529642205922016e+02
-1.528649063690720311e+02
-1.524673664499646009e+02
-1.530378933175946372e+02
-1.533006556634065873e+02
-1.537014341059646085e+02
-1.529417706934090404e+02
-1.540015024053040520e+02
-1.547638937828791370e+02
-1.548466195738705835e+02
-1.551713296313882893e+02
-1.548834851726971920e+02
-1.554105305342466465e+02
-1.554644319535628938e+02
-1.555731840309951224e+02
-1.557641989021904578e+02
-1.561839995015054967e+02
-1.562357846786092921e+02
-1.564883532877594519e+02
-1.562414493385677758e+02
-1.567650485323528642e+02
-1.567386093965518796e+02
-1.571580276675506695e+02
-1.573532013114114818e+02
-1.572446700547484966e+02
-1.574974382553101577e+02
-1.574977324589084162e+02
-1.575085732534786302e+02
-1.579699340362344344e+02
-1.582299654061599483e+02
-1.566782329141807111e+02
-1.579844136616764274e+02
-1.585075207406971742e+02
-1.586696347742832813e+02
-1.588445298121257849e+02
-1.588333710171086750e+02
-1.592695230966166093e+02
-1.593719934458424916e+02
-1.597291257689425947e+02
-1.603084069459535783e+02
-1.605325991662210185e+02
-1.609928249602661765e+02
-1.611976299662881615e+02
-1.617205147601513886e+02
-1.619206843635018060e+02
-1.622434618129523756e+02
-1.626286421755848437e+02
-1.627607884666813050e+02
-1.629758464955470174e+02
-1.630209967246178167e+02
-1.633140692199474984e+02
-1.635197822827509242e+02
-1.638790792422710751e+02
-1.644629428127350366e+02
-1.647655841985580025e+02
-1.650570767099462728e+02
-1.652407675613614231e+02
-1.654745873388815482e+02
-1.657632704378461597e+02
-1.657502298302661643e+02
-1.660615053382063593e+02
-1.649335826997606773e+02
-1.665366176845311372e+02
-1.663466161909218783e+02
-1.674520848065665461e+02
-1.674356536947216227e+02
-1.682437260699804824e+02
-1.684969216367362321e+02
-1.684375801303553146e+02
-1.682260436692735084e+02
-1.691246697068803257e+02
-1.692689828686068552e+02
-1.696089305594456675e+02
-1.699875000903321336e+02
-1.705147992217167427e+02
-1.710357917102307681e+02
-1.707795802573870958e+02
-1.703953715555409190e+02
-1.704648353425140215e+02
-1.707735600594066057e+02
-1.696647281345311171e+02
-1.716348316266678751e+02
-1.719134937429890044e+02
-1.711191175303504224e+02
-1.724263192828901197e+02
-1.738455488782539646e+02
-1.745940276698070761e+02
-1.745221549329426125e+02
-1.759400351664371271e+02
-1.763618500847472603e+02
-1.768898969279865696e+02
-1.781289384081269702e+02
-1.793981456047655456e+02
-1.787618285831929086e+02
-1.788206498549389778e+02
-1.713803284190866805e+02
-1.796038062189951177e+02
-1.752611334762564184e+02
-1.761993037342087973e+02
-1.772692625991074351e+02
-1.774643519691428537e+02
-1.779335672439291898e+02
-1.800249409824139377e+02
-1.807043311200928031e+02
-1.820144732782796098e+02
-1.799826198062758920e+02
-1.800966972491037836e+02
-1.790301796398436807e+02
-1.802962463270463900e+02
-1.784734640490024731e+02
-1.799354759178058885e+02
-1.703394169006532195e+02
-1.801465504599853205e+02
-1.790938574469352886e+02
-1.792352090525360211e+02
-1.771012564296996175e+02
-1.795863128627948697e+02
-1.799120702688901190e+02
-1.817402334718754560e+02
-1.823273119634175430e+02
-1.819138066782502960e+02
-1.809186341770573847e+02
-1.795529806318962187e+02
-1.786726738017716798e+02
-1.768621558213492335e+02
-1.772656159030659353e+02
-1.788359137581587390e+02
-1.783257237043504233e+02
-1.810305662367875925e+02
-1.784726868430402646e+02
-1.762703288440671656e+02
-1.767236106365396608e+02
-1.787745062691281817e+02
-1.792142102702698310e+02
-1.753298188195763032e+02
-1.789974157959719321e+02
-1.747965786533015944e+02
-1.790899595322063362e+02
-1.792205054661037877e+02
-1.788367353254139402e+02
-1.801620771644017509e+02
-1.799730986070280778e+02
-1.776070088143418957e+02
-1.774395939636336834e+02
-1.790029382313272492e+02
-1.782098929391416675e+02
-1.788591995215714405e+02
-1.775722060259084003e+02
-1.774395207679536099e+02
-1.773933084752625007e+02
-1.754878541801917038e+02
-1.776171086212649755e+02
