-1.711759887815603349e+02
-1.729526032698819620e+02
-1.696831167973789150e+02
-1.732128713296827414e+02
-1.505045286705619958e+02
-1.602598559374461900e+02
-1.582978965896192278e+02
-1.542763694140838595e+02
-1.548522543712719255e+02
-1.577950345235084910e+02
-1.630492109485312824e+02
-1.609927405049298841e+02
-1.514088612223026757e+02
-1.469542257186525376e+02
-1.530679331271768717e+02
-1.527369322272508327e+02
-1.540228645585828531e+02
-1.527027786962782159e+02
-1.533171874459211210e+02
-1.544849847971710801e+02
-1.523500030513068850e+02
-1.508441839345007622e+02
-1.532141649637418084e+02
-1.514118296965761772e+02
-1.497025390397671458e+02
-1.480169229666866784e+02
-1.489693689153631908e+02
-1.535491059173536428e+02
-1.553099942749929880e+02
-1.553073681631291265e+02
-1.450707101460239414e+02
-1.358595932194886586e+02
-1.504471833182589933e+02
-1.515304629491612047e+02
-1.493448456735488890e+02
-1.525222765827070361e+02
-1.424754569173161940e+02
-1.511975891020190375e+02
-1.479740684580747825e+02
-1.421532770459880908e+02
-1.445419615326937617e+02
-1.450570129279716696e+02
-1.496045929807893344e+02
-1.468884577532020899e+02
-1.441335224169739035e+02
-1.430570609468934435e+02
-1.432348076996764235e+02
-1.457336433949394348e+02
-1.482898066496126432e+02
-1.419812250131122084e+02
-1.484964223852742293e+02
-1.455726892390169382e+02
-1.471467817494269639e+02
-1.370143928911855085e+02
-1.474170058215134986e+02
-1.435487852187083888e+02
-1.481900518994337119e+02
-1.469283010832511422e+02
-1.478135917697882462e+02
-1.457232296622848935e+02
-1.464782458368691493e+02
-1.468488688701821729e+02
-1.466589629363554934e+02
-1.453286272267453398e+02
-1.461196690556419355e+02
-1.446718819518705743e+02
-1.406799012463393979e+02
-1.372007062959918358e+02
-1.391986307126814211e+02
-1.377774809835871679e+02
-1.358155673879816732e+02
-1.356775018857874215e+02
-1.355523764606580244e+02
-1.337411244995418542e+02
-1.321806912976103376e+02
-1.288421212140399348e+02
-1.291969430368679639e+02
-1.262461980930397658e+02
-1.253896891363904587e+02
-1.258901968099019655e+02
-1.270045638252460662e+02
-1.266359420653097629e+02
-1.255592157647523521e+02
-1.262242235322491126e+02
-1.253485034453164104e+02
-1.267593689436811530e+02
-1.259241666696012771e+02
-1.271729301036011179e+02
-1.269900414631116234e+02
-1.287522729168732099e+02
-1.278139743501280634e+02
-1.270356452366449957e+02
-1.273076072688673150e+02
-1.280075442360384272e+02
-1.279642435222841499e+02
-1.288978670895115783e+02
-1.280896275658381285e+02
-1.271020466647420903e+02
-1.288489180841850441e+02
-1.282645088760575049e+02
-1.282094530449248282e+02
-1.270738991020320157e+02
-1.260717438049277348e+02
-1.267667583935639897e+02
-1.278854061456277122e+02
-1.286234397429705894e+02
-1.286253590088751366e+02
-1.295168975824644235e+02
-1.282428103321544484e+02
-1.248452274340617265e+02
-1.293501270152508198e+02
-1.290891867906676680e+02
-1.284369923916110849e+02
-1.288284286173531541e+02
-1.303285249760550926e+02
-1.312736816983932044e+02
-1.320844980743407859e+02
-1.327372053902469418e+02
-1.335766950940852098e+02
-1.331854785164416626e+02
-1.301626227224776926e+02
-1.333261351408509370e+02
-1.331092871580593737e+02
-1.330215374220642559e+02
-1.330241240815700507e+02
-1.341753365497906998e+02
-1.336035679771907212e+02
-1.339647394664955300e+02
-1.338471015599935754e+02
-1.334314167573319594e+02
-1.323757411121932250e+02
-1.341714595749233752e+02
-1.339555800845357112e+02
-1.335956227487855017e+02
-1.345885447664789751e+02
-1.347024594322575126e+02
-1.336438266003647755e+02
-1.339161515881329763e+02
-1.326570047697702535e+02
-1.328296371880743720e+02
-1.329818062598254755e+02
-1.327226454621763310e+02
-1.328275734417566412e+02
-1.330901314066487089e+02
-1.314036996765810272e+02
-1.336215323914926785e+02
-1.338584830790180717e+02
-1.341402658710313460e+02
-1.338874848464746208e+02
-1.345846934193772313e+02
-1.354397583614048699e+02
-1.352190039105885830e+02
-1.351265608985715687e+02
-1.347372982856984152e+02
-1.361975617302963144e+02
-1.364668831625652388e+02
-1.360800744925236074e+02
-1.359754758403388450e+02
-1.369386158799155737e+02
-1.373524361879341029e+02
-1.372687623855590289e+02
-1.372244186705492268e+02
-1.380953883841035577e+02
-1.381806990887525330e+02
-1.380703887786507380e+02
-1.387055527375336794e+02
-1.384131410793995371e+02
-1.385953165091914343e+02
-1.384012384932119630e+02
-1.389331183360094144e+02
-1.389337506103932753e+02
-1.383705147138560960e+02
-1.386873330332116154e+02
-1.384762336193450665e+02
-1.383777071216092054e+02
-1.399304051547737799e+02
-1.407766739026754692e+02
-1.404250893249905516e+02
-1.405232284507565907e+02
-1.400478421483497016e+02
-1.401368632300197419e+02
-1.393035459412632804e+02
-1.395198945101355719e+02
-1.399729833274419661e+02
-1.409647828032836401e+02
-1.399408150250430936e+02
-1.413757647505632917e+02
-1.409770892384957222e+02
-1.409774816070781185e+02
-1.415269387335021918e+02
-1.408605593291156595e+02
-1.412829066511989993e+02
-1.413523535783452871e+02
-1.402803052331412914e+02
-1.407033421574063254e+02
-1.409516852616498568e+02
-1.407104584379311802e+02
-1.400991010100738663e+02
-1.417476578042920039e+02
-1.403414032895570926e+02
-1.415628901505706381e+02
-1.409097226123366795e+02
-1.415691052231211984e+02
-1.424994667645125048e+02
-1.418094969706530435e+02
-1.421947177543792122e+02
-1.424987384774919690e+02
-1.430749234472269791e+02
-1.424610657485471563e+02
-1.431946695238232508e+02
-1.428842201812331041e+02
-1.436080765567841695e+02
-1.431557290409912468e+02
-1.436801410573237092e+02
-1.438077503263959898e+02
-1.432353534123106726e+02
-1.435942836019857509e+02
-1.434695870631203434e+02
-1.439854346127511917e+02
-1.442451914969399240e+02
-1.437935996453012137e+02
-1.441300275915174041e+02
-1.440729188413872919e+02
-1.434765467837265192e+02
-1.445790827649316270e+02
-1.443383196901423560e+02
-1.445730092753625513e+02
-1.455869620910343940e+02
-1.450077284017293948e+02
-1.455268575396226822e+02
-1.452425016330302014e+02
-1.437273447981652339e+02
-1.435915939172431024e+02
-1.439265494465625181e+02
-1.437056115486897738e+02
-1.451608418630556230e+02
-1.450663231526717141e+02
-1.453752275846057387e+02
-1.460618214283521752e+02
-1.464203232317534287e+02
-1.456035829875593777e+02
-1.449906063108350338e+02
-1.468883299486035412e+02
-1.446344679453708295e+02
-1.473698201304745510e+02
-1.476238250468410627e+02
-1.476819887000283984e+02
-1.478218164821655876e+02
-1.474759068917600189e+02
-1.472022900803496270e+02
-1.472229544917534554e+02
-1.466517327574219678e+02
-1.477967564923668533e+02
-1.480846277407689513e+02
-1.477482416008413963e+02
-1.477433514896666509e+02
-1.472891797314172209e+02
-1.479511672689450279e+02
-1.471053079334251947e+02
-1.486298734776183323e+02
-1.491461169682862078e+02
-1.480442209440559225e+02
-1.480295702096013031e+02
-1.433582084456262464e+02
-1.503724806675002696e+02
-1.499421311816788034e+02
-1.504475388479417290e+02
-1.505798005351574318e+02
-1.512557413246680937e+02
-1.513041490560765965e+02
-1.511660394406034698e+02
-1.516290331350153906e+02
-1.518009736968504626e+02
-1.519864531909468610e+02
-1.521203462146440302e+02
-1.526366007474545654e+02
-1.529769862305049912e+02
-1.531116057644637749e+02
-1.531279290431898232e+02
-1.530820989465939306e+02
-1.532958191113609701e+02
-1.537057851468827323e+02
-1.538671245216725367e+02
-1.538632434594091762e+02
-1.545567310021519631e+02
-1.543989376210232081e+02
-1.548682413196553682e+02
-1.545390168912682611e+02
-1.548543381544729129e+02
-1.546127989329052070e+02
-1.556616278257307044e+02
-1.553649552077940257e+02
-1.555762832424081523e+02
-1.558627773687027798e+02
-1.560619212812104024e+02
-1.558367173484517991e+02
-1.562358713045432808e+02
-1.567693106071621401e+02
-1.558481450569448441e+02
-1.565286285029215492e+02
-1.570390311909342813e+02
-1.572267791351020492e+02
-1.573971425426503288e+02
-1.574575170733533866e+02
-1.580056023198064565e+02
-1.577657946010765215e+02
-1.581202640168685889e+02
-1.586859683328936228e+02
-1.589166416412054446e+02
-1.594091013989719841e+02
-1.594863647207134818e+02
-1.599075730222239429e+02
-1.603192054650421312e+02
-1.606429344121267206e+02
-1.612587979997923355e+02
-1.609888491035449931e+02
-1.614350174428711000e+02
-1.614393667240883588e+02
-1.615437785802847088e+02
-1.617265042661553593e+02
-1.622755530668345045e+02
-1.629248742452574561e+02
-1.628850417245267579e+02
-1.633979430335682821e+02
-1.638459470078719278e+02
-1.638848645635950447e+02
-1.641915345594929363e+02
-1.642019824690683265e+02
-1.646163227623539171e+02
-1.633773392839649432e+02
-1.652513033514796632e+02
-1.653753448320352675e+02
-1.664102364253162705e+02
-1.662286935668362560e+02
-1.671442709789829735e+02
-1.673266377748365414e+02
-1.672149043870851699e+02
-1.667856352125390913e+02
-1.683405956056766684e+02
-1.681550987507981745e+02
-1.684601714801511321e+02
-1.689170203631451272e+02
-1.693653492132766303e+02
-1.700493714178418259e+02
-1.698548617942697661e+02
-1.698286695975112082e+02
-1.696322288068332682e+02
-1.695480272767694601e+02
-1.685450536852494281e+02
-1.704087285851019260e+02
-1.708810797977017444e+02
-1.697769484069444275e+02
-1.713641421351613303e+02
-1.730646502172967303e+02
-1.738573970419021180e+02
-1.739657195325361272e+02
-1.758492916351237341e+02
-1.761728386265154711e+02
-1.766711564128740974e+02
-1.780849809912399166e+02
-1.793428087718097572e+02
-1.785226390625971078e+02
-1.788801288068546285e+02
-1.696629806867111085e+02
-1.794657003436786908e+02
-1.753721680783633019e+02
-1.765602766560469945e+02
-1.776258195041592103e+02
-1.782384963479450164e+02
-1.779695669247372507e+02
-1.801329665906635285e+02
-1.799276071403883179e+02
-1.815224044854361125e+02
-1.801717736354244437e+02
-1.803480203592575322e+02
-1.789316470662629115e+02
-1.804389015358513859e+02
-1.783055715788351563e+02
-1.792276471129871993e+02
-1.703901464266886308e+02
-1.800899482755997951e+02
-1.788493160212914574e+02
-1.791663065320117312e+02
-1.773043188790238105e+02
-1.796304933859631205e+02
-1.789579972190321939e+02
-1.815992785564852170e+02
-1.821201556201748417e+02
-1.818049267464873253e+02
-1.807242566030201374e+02
-1.798822673610252139e+02
-1.786084712616989805e+02
-1.767162116766257896e+02
-1.773876805927448856e+02
-1.791778458218705623e+02
-1.778677118967638080e+02
-1.806778492979487964e+02
-1.784368562102973215e+02
-1.764527586565609170e+02
-1.768002121662810282e+02
-1.786186247117007611e+02
-1.791187716448852996e+02
-1.769396055420304208e+02
-1.789383934138921006e+02
-1.744059575564197644e+02
-1.789721881280804041e+02
-1.792973240529622672e+02
-1.785559422999413641e+02
-1.800226898534407098e+02
-1.796332195111099850e+02
-1.775859047524270409e+02
-1.774526609165042430e+02
-1.788227299590672601e+02
-1.778807735224071962e+02
-1.788708267031976789e+02
-1.774618648234550164e+02
-1.773026881963631070e+02
-1.773934714961531256e+02
-1.755031827419761896e+02
-1.773476098010718545e+02
